Make you lose control
5800 500 500 500 500 0 650 650 650 0 850 850 850 850 0 1400 1400 1400 1800 1800 1800 1800
#repeat 0 7650
#repeat 0 9500
#repeat 0 11350
구름 속 헤치고
13700 0 100 0 400 0 900 1150 1400
#repeat 4 15550
썬더빔 속으로
17200 100 300 550 0 1000 1250 1450
썬더빔 속으
19140 100 300 550 0 1000 1250
이제 넌 무시무시한 내 최면에
20600 0 150 0 500 0 900 1100 1400 1700 1970 0 2300 0 2500 2700 2900
걸렸어 낚였어 로보트가 됐어
24250 0 150 550 0 900 1150 1400 0 1800 2000 2300 2500 0 2800 3050
귀엽다 예쁘다 흠뻑 빠졌 는데
27900 0 200 500 0 900 1150 1400 0 1850 2050 0 2320 2550 0 2800 3000
사실 난 쉽지 않단 걸 알아야 돼
31550 0 210 0 550 0 950 1150 0 1400 1850 0 2100 0 2350 2550 2800 0 3050
예쁘장한 나 귀여워?
35700 0 500 700 1000 0 1350 0 1820 2210 2520 2540
통통한 다리 나 애기 같데
39250 0 200 600 0 900 1100 0 1600 0 2050 2250 0 2500 2800
나는 서울 도쿄 파리 뉴욕
43000 0 100 0 250 250 0 600 850 0 1050 1300 0 1500 1750
너무 바쁜 스케줄
45200 0 100 0 250 400 0 750 800 1150
여기 번쩍 저기 찰칵
46850 0 100 0 250 450 0 900 1000 0 1150 1350
Just Like A Butterfly!
48500 0 0 0 0 0 180 180 180 180 0 350 0 700 700 700 900 900 900 1100 1100 1100 1100
Let's Fly High! Fly!
50050 1 1 1 1 1 0 400 400 400 0 950 950 950 950 950 0 1400 1400 1400 1400
별나라 갈래 파란
52000 0 400 600 0 900 1250 0 1750 1950
제트기를 타자 파일럿
54150 0 800 1000 1200 0 1500 1700 0 2000 2200 2600
Oh My God
57500 0 0 0 200 200 0 500 500 500
맙소사 너에게 빠져들어
58400 0 275 550 0 900 1150 1400 0 1650 1850 2150 2350
자꾸 빠져들어 나
61200 0 200 0 500 700 900 1100 0 1400
Automatically
63000 0 0 200 200 450 450 850 850 1400 1400 1400 1850 1850
따라라라라라라
65550 0 220 440 700 900 1160 1360
따라라 라랄라랄라
67400 0 200 400 0 750 950 1300 1500 1750
Boy We Fly High Fasta
69300 0 0 0 0 220 220 0 440 440 440 0 660 660 660 660 0 900 900 900 1100 1100
This Only Gets Betta
71100 0 0 0 0 0 240 240 400 400 0 700 700 700 700 0 900 900 900 1100 1100
#repeat 25 72950
#repeat 26 74800
#repeat 27 76700
This Gunna Be So Killa
78500 0 0 0 0 0 240 240 240 340 340 0 450 450 0 650 650 0 900 900 900 1100 1100
#repeat_n 0 10 79700
뽀얗다 미쳤다 흠뻑 빠졌는데
101900 0 200 450 0 900 1150 1400 0 1850 2050 0 2300 2500 2700 2900
#repeat 11 105500
넌 약간 긴장 설레니?
109600 0 0 500 700 0 1000 1350 0 1820 2210 2520 2520
내 핑크빛 볼보다 빨개졌어
113200 0 0 200 600 900 0 1100 1600 1800 0 2100 2300 2500 2700
#repeat_n 14 11 116890
다 너무나 쉽게
139200 0 0 1000 1200 1400 0 1700 2100
사랑에 빠져들어가
141850 50 320 520 0 900 1300 1800 2150 2500
나만의 그 느낌
146700 0 900 1100 0 1300 0 1540 2000
너를 찾았어 이제야
149425 0 200 0 500 700 1200 0 1600 2050 2300
#repeat_n 18 7 153500
#repeat_n 18 7 168300
#repeat 25 183800
#repeat 26 185650
#repeat 25 191200
#repeat 26 193050
#repeat 26 198650